listFacePositionIndicesDiff.count()=36

0   -0.41252 0.00000 -1.00000   1.00000 1.00000
1   0.53538 0.00000 -1.00000   0.00000 1.00000
2   -0.41252 0.00000 -0.01508   1.00000 0.00000
3   0.53538 0.00000 -0.01508   0.00000 0.00000
4   -0.41252 0.00000 -0.01508   1.00000 0.00000
5   0.53538 0.00000 -1.00000   0.00000 1.00000
6   0.53538 0.65365 -0.01508   1.00000 0.00000
7   0.53538 0.65365 -1.00000   1.00000 1.00000
8   -0.41252 0.65365 -0.01508   0.00000 0.00000
9   -0.41252 0.65365 -1.00000   0.00000 1.00000
10   -0.41252 0.65365 -0.01508   0.00000 0.00000
11   0.53538 0.65365 -1.00000   1.00000 1.00000
12   0.53538 0.00000 -0.01508   1.00000 0.00000
13   0.53538 0.65365 -0.01508   1.00000 1.00000
14   -0.41252 0.00000 -0.01508   0.00000 0.00000
15   -0.41252 0.65365 -0.01508   0.00000 1.00000
16   -0.41252 0.00000 -0.01508   0.00000 0.00000
17   0.53538 0.65365 -0.01508   1.00000 1.00000
18   0.53538 0.00000 -1.00000   1.00000 0.00000
19   0.53538 0.65365 -1.00000   1.00000 1.00000
20   0.53538 0.00000 -0.01508   0.00000 0.00000
21   0.53538 0.65365 -0.01508   0.00000 1.00000
22   0.53538 0.00000 -0.01508   0.00000 0.00000
23   0.53538 0.65365 -1.00000   1.00000 1.00000
24   -0.41252 0.00000 -1.00000   1.00000 0.00000
25   -0.41252 0.65365 -1.00000   1.00000 1.00000
26   0.53538 0.00000 -1.00000   0.00000 0.00000
27   0.53538 0.65365 -1.00000   0.00000 1.00000
28   0.53538 0.00000 -1.00000   0.00000 0.00000
29   -0.41252 0.65365 -1.00000   1.00000 1.00000
30   -0.41252 0.00000 -0.01508   1.00000 0.00000
31   -0.41252 0.65365 -0.01508   1.00000 1.00000
32   -0.41252 0.00000 -1.00000   0.00000 0.00000
33   -0.41252 0.65365 -1.00000   0.00000 1.00000
34   -0.41252 0.00000 -1.00000   0.00000 0.00000
35   -0.41252 0.65365 -0.01508   1.00000 1.00000


listFacePositionIndicesDiff.count()=36

0  1/1/0
1  2/2/0
2  0/0/0
3  3/3/0
4  0/0/0
5  2/2/0
6  5/0/1
7  6/1/1
8  4/3/1
9  7/2/1
10  4/3/1
11  6/1/1
12  3/0/2
13  5/1/2
14  0/3/2
15  4/2/2
16  0/3/2
17  5/1/2
18  2/0/3
19  6/1/3
20  3/3/3
21  5/2/3
22  3/3/3
23  6/1/3
24  1/0/4
25  7/1/4
26  2/3/4
27  6/2/4
28  2/3/4
29  7/1/4
30  0/0/5
31  4/1/5
32  1/3/5
33  7/2/5
34  1/3/5
35  4/1/5



countindices=36

0  0
1  1
2  2
3  3
4  4
5  5
6  6
7  7
8  8
9  9
10  10
11  11
12  12
13  13
14  14
15  15
16  16
17  17
18  18
19  19
20  20
21  21
22  22
23  23
24  24
25  25
26  26
27  27
28  28
29  29
30  30
31  31
32  32
33  33
34  34
35  35
